PBC01s  1965   188   323   298   203   121
PBC01s  1970   200   157   376   329   204   210   221   300   165   199
PBC01s  1980   132    26    25   100   101   117   103   200   205   116
PBC01s  1990   102   144   156   234   231   175   161   116   160    83
PBC01s  2000   107   107    70    65   122    69    63    59    78   155
PBC01s  2010   211   123    30    63    64    65    41    28     6   999
PBC02n  1957   212   260   147
PBC02n  1960   178   208   133   166   113   115   222   231   234   240
PBC02n  1970   267   183   288   387   277   224   300   288   141   199
PBC02n  1980   142    54    48   137   131   147   157   140   159    89
PBC02n  1990    68    92    73   126   170   149    98   102   108    42
PBC02n  2000    38    24     5    21    27    19    12    33    31    55
PBC02n  2010    30    24    20    22    37    41    36     0     0   999
PBC02s  1956    48   193   228   236
PBC02s  1960   363   237   390   382   284   185   224   201   186   225
PBC02s  1970   255   219   305   289   216   356   191   228   198   123
PBC02s  1980   177    57    27   152   188   178   208   116    99   113
PBC02s  1990   110    93    57    90   136   137    44    36    55    46
PBC02s  2000    18     6    16    22    60    26    15    51    35    58
PBC02s  2010    46    16    12    28    19    37    63    31    10   999
PBC03e  1945    80   167   166    84    72
PBC03e  1950    32    31    49    44    93   293   194   192   275   244
PBC03e  1960   232   261    56    44    42    46    37    64   127   112
PBC03e  1970   117   132   164   310   127   200   208   262   118   110
PBC03e  1980   117    61    86    94    78   132    93    92    89    38
PBC03e  1990    11    36    44    42    49    52    34    35    48    21
PBC03e  2000    40    42     6    16    30    37    44     4     5     0
PBC03e  2010     0     0     0     0     0     0     0     0     0   999
PBC03w  1946   184   159   108    97
PBC03w  1950    29    47    47    83   184   274   276   276   404   620
PBC03w  1960   511   590   115   100   123    92   164   192   171    76
PBC03w  1970    88   296   280   242   110    59    98   229   129    90
PBC03w  1980    97    56    45    71   116   104    79    96    69    54
PBC03w  1990    41    61    76    82    72    44    56    54    70    28
PBC03w  2000    34    25     4    15    33    34    26     0     0     0
PBC03w  2010     0     0     0     0     0     0     0     0     0   999
PBC04e  1944   224   104   217   346   284   263
PBC04e  1950   450   323   252   111   220   366   291   207   351   284
PBC04e  1960   316   323   253   208   166   160   249   158   211   144
PBC04e  1970   166   214   222   160    85   155   150   124    92    72
PBC04e  1980    85    14    20    44    94   114   131    76    68    25
PBC04e  1990    87    40    45    54    64    82    89    32    35    44
PBC04e  2000    35    16    10    18    25    37    36    28    39    31
PBC04e  2010    63    26    12    18    13    12     0     0     0   999
PBC04w  1944   215   103   194   284   337   160
PBC04w  1950   399   325   270   174   113   323   142   199   281   299
PBC04w  1960   219   371   104   196   149   114   175    87   179   195
PBC04w  1970   174   139   119    99   102   190   138    99    64    78
PBC04w  1980   114    21    51   104    63    78   135    88    86    21
PBC04w  1990    50    53    77    81    29    62    74    36    45    29
PBC04w  2000     5    14    10    32    20     5    27    34    28    34
PBC04w  2010     3     9    14     5     0     0     0     0     0   999
PBC05n  1956   484   485   425   401
PBC05n  1960   159   469   270   227   216   152   155   236   190   191
PBC05n  1970   169    95    87   158   146    85   120   131    85    70
PBC05n  1980    47    22    88    80    57    64   104    66    48    49
PBC05n  1990    60    43    46    71    89    76    52    52    61    22
PBC05n  2000    16    35    37    14    32    18    12    23    13    32
PBC05n  2010    27    10     4     5    11     0     0     0     0   999
PBC05s  1957   442   319   336
PBC05s  1960   163   267   215   239   230   111    99   161   227   153
PBC05s  1970   135    91   194   243   166   152   183   288   171    51
PBC05s  1980    88    14    63    79    73    56   140   114    30    46
PBC05s  1990    69    54    68   150   129    79    20    24    32    14
PBC05s  2000    26    15     8    13    12     7     8    11    25    33
PBC05s  2010     4     9     6     8    38     8     0     0     0   999
PBC06n  1945   280   212   329   181   411
PBC06n  1950    32   440   382   356   275   323   199   169   149   185
PBC06n  1960   112   263    56    78    74    38    19    37    64    45
PBC06n  1970    74    84   113   101    56    95    66   115   108    76
PBC06n  1980    58    13    15    18    42    32    46    18    57    29
PBC06n  1990    37    81    89    59    32    70    45   107   135    46
PBC06n  2000    93    90    32    28    13    17     9    50    57    62
PBC06n  2010    63    52    16     9    18     0     0     0     0   999
PBC06s  1945   275   265   237   120   209
PBC06s  1950   174   274   196   179    87   305   233   204   139   194
PBC06s  1960   173   223    27    59    49    40    44   103   104    56
PBC06s  1970    29    43    67   107    90   121    89   132    89    75
PBC06s  1980    46    16    20    22    44    66    59    59    87    56
PBC06s  1990    38   100    80    85    44    18    39    76    23    80
PBC06s  2000    55    32    15     4    14    26    35    24    38    23
PBC06s  2010    17    10    11     0     0     0     0     0     0   999
PBC07e  1946   291   310   260   203
PBC07e  1950   304   430   332   211   200   274    90   115   200   202
PBC07e  1960   261   189    98   180   116    66    65   113   129    99
PBC07e  1970   149   127   217   200   121   154   141   207   125   103
PBC07e  1980   168    25    92    57   121   118   195   116   103   108
PBC07e  1990    26    79   116   106    85    66   104    94    49    21
PBC07e  2000    65    60    20    31    32    33    97    57    44    97
PBC07e  2010    11    94    51    11    18    36    48    17    12   999
PBC07w  1946   194   212   303   150
PBC07w  1950   265   519   249   194   154   271   121   101   209   191
PBC07w  1960   313   219    96   147   120    68    96   227   184   140
PBC07w  1970   178   176   254   187   108   126   164   215   138   100
PBC07w  1980   134    37    12    31    59    88   144   130    98   100
PBC07w  1990   100   101   150   142   125    97    81    89   127    49
PBC07w  2000    73    55    52    68    76    79    73    74    61   137
PBC07w  2010    69    23     0    11    28    15     6     0     0   999
PBC08n  1944   391   314   338   404   425   263
PBC08n  1950   391   301   225   139   173   199   196   114   197   174
PBC08n  1960   200   223    80    56    70    49    43    39    62    62
PBC08n  1970    94   116   219   138    80   115   123   182   140    72
PBC08n  1980    71    17    25    55    73    57   144    72    57    42
PBC08n  1990    60    50    77    76    50    35    42    60    71    55
PBC08n  2000    59    43    28    27    52     4    14    77    39    64
PBC08n  2010    67    48    13     3    19     2    13     0     0   999
PBC08s  1944   345   213   213   200   290   240
PBC08s  1950   398   435   235   103    79   229   240   182   203   224
PBC08s  1960   238   240   104    94    71    76    64    46   110    94
PBC08s  1970   136   184   193   199   157   172   126   132   144    90
PBC08s  1980    60    12    31    88    65    93    94    99    43    23
PBC08s  1990    25    34   126   139   116    87    48    56    56    26
PBC08s  2000    15    19    16    28    10     0     0    83    49    54
PBC08s  2010    63    60     0     0     0     0     0     0     0   999
PBC09e  1945   330   308   412   277   241
PBC09e  1950   351   246   186   106   197   356   237   142   166    77
PBC09e  1960   101   127    48   114    85    88    78    40    26    86
PBC09e  1970   102   152   149   160   154   144   144   200   153   140
PBC09e  1980   174    33   108    92    86    77    68    84    89    45
PBC09e  1990    90    23    36    98    61    73    47    50    39    44
PBC09e  2000    34    31    18    30    23    23    12    16    11    11
PBC09e  2010     1     2     1     0     0     0     8     2     1   999
PBC09w  1945   348   311   344   244   232
PBC09w  1950   298   241   138   120   441   469   233   185   349   187
PBC09w  1960   106    39   248   121   130   129    57    48    80    79
PBC09w  1970    69   108    75   118   101   225   111   122   106    75
PBC09w  1980    74     4    85    48    55    94    79    74    55    66
PBC09w  1990    80    34    46    15     2    23    14    42    28    18
PBC09w  2000    12     4     5     4     1     1     0     0     1     0
PBC09w  2010     1     0     0     0     0     0    13     2     3   999
PBC10s  1948   104   206
PBC10s  1950   312   298   149   272   426   289   265   264   356   342
PBC10s  1960   139     5    22    10    19    21    18    53   132   148
PBC10s  1970    10    13    60   220   189   306   198   139    98    11
PBC10s  1980   118    67    97   158   166   182   173   142   170   148
PBC10s  1990   116   169   136   162   117    93    40    68    76    28
PBC10s  2000    49    40    47    49    89    80   110   128   117    69
PBC10s  2010     0     0     0     0    39    28    52    27    14   999
PBC10n  1948   103   209
PBC10n  1950   330   311   166   255   302   248   289   182   331   346
PBC10n  1960   147    12    68    26    63    37    78   162   129   123
PBC10n  1970    20   126   218   197   118   161   180   214   152   123
PBC10n  1980   115    38    76    93    75   100   121    74    42    79
PBC10n  1990   110    99   192   106    94    76    86    50    37    49
PBC10n  2000    20    20    35    14    20    11    74    87    52    15
PBC10n  2010     0     0     0     0    21    23    18    15    17   999
PBC11n  1947   226   148   291
PBC11n  1950   401   222     3   258   147   266   215   165    98   254
PBC11n  1960   275   270    52   133    93    92    79   166   206   111
PBC11n  1970   111   217    74    53    45    65   119    92    59    17
PBC11n  1980    73    14    86    47    19    45    53    40    17    18
PBC11n  1990    18    53    19    13     7     6     4    21     4    19
PBC11n  2000    10    23    27     7     9     9     5     0     0     0
PBC11n  2010     0     0     0     0     0     0     0     0     0   999
PBC11s  1947   237   139   210
PBC11s  1950   250   137   123     1   108   179   110    59    62   191
PBC11s  1960   146   192    35    73    67    31   103    95   213   101
PBC11s  1970    83   172    72    46    96   115    74    61    34    24
PBC11s  1980    77    10    53    43    30    49    74    74    53    64
PBC11s  1990    24    40    49    28    23     4     5    15     0    14
PBC11s  2000     0    14    31    32    14     9     0     0     0     0
PBC11s  2010     0     0     0     0     0     0     0     0     0   999
PBC12e  1903   308   290   281   144   374   374   205
PBC12e  1910   260   284   538   582   232   211   198   240   259   149
PBC12e  1920   279   363   444   222   276   191   149   104    56    69
PBC12e  1930   103   120   282   247   298   198   182   143   101    70
PBC12e  1940    31    45   108   170   261   176   136   131    80    62
PBC12e  1950   133   157   175    81    57    90    76    72    31    42
PBC12e  1960   152    53    42    70    28    69    40    88   136   135
PBC12e  1970    76   163   145    83    76   154    97   150    86   108
PBC12e  1980    83    15    16    36    38    22    23    26    26    33
PBC12e  1990    50    47    37    52    68    38    63    67    32    39
PBC12e  2000    30    20    38    29    22    36    37    29    25    27
PBC12e  2010    25    27    37    19    33    16    13    18    18   999
PBC12w  1903   400   323   320   146   385   244   290
PBC12w  1910   400   393   423   499   455   286   259   258   289   299
PBC12w  1920   399   355   556   289   326   253   213   147    74    77
PBC12w  1930   206   294   417   284   403   409   377   429   168   155
PBC12w  1940    72    30   104   166   353   172   114   132    89   106
PBC12w  1950   158   225   116    56    70   123    85    81    50    75
PBC12w  1960   167   118   115    98    18    41     3    72    80    78
PBC12w  1970    79   189   161   154   147   190   152   182   137    83
PBC12w  1980    40    17    12    31    26    35    27    19    36    23
PBC12w  1990    54    50    21    13    23    20    18    21    10    28
PBC12w  2000    33    52    33    44    15    15    15    19     0     0
PBC12w  2010     0     0     0     0     0     0     0     0     0   999
PBC13e  1934    21    25    64    77    25    13
PBC13e  1940    15    21    15     7     0    15    20     1    18    12
PBC13e  1950    12     1     2     7     5     4    29    42   118   224
PBC13e  1960    81    68    52     4     7     9   156   262   220   178
PBC13e  1970   110    16    22    15    17    26    25    47    36    34
PBC13e  1980    22     4    30    16     7     5    10     4    24    18
PBC13e  1990    27    37    35    48    30    38    67    66    92    42
PBC13e  2000    16    12    10    24    21     4    34    44    37    16
PBC13e  2010    17     4    39    26     9    34    15     0     0   999
PBC13w  1940    16    21    20    12     9    20    16     4    12    19
PBC13w  1950    12     8     8    14    38   181   156   165   304   298
PBC13w  1960   144    98    68    98    37    42    57   167   139   122
PBC13w  1970   156   177   163   128   134    91   107   174   104   101
PBC13w  1980    60    34    36    48    46    25    29    29    59    30
PBC13w  1990    34    59    79    76    51    47    41    34    38    26
PBC13w  2000    15    15    12    15     7    24    10    31    25     8
PBC13w  2010     8     9    12    34    30    26    14    14    26   999
PBC14n  1976   529   531   329   294
PBC14n  1980   286    53    42    37   130   238   292   204   176   106
PBC14n  1990    67     6   151   138   114   152    60   100    90   127
PBC14n  2000    58    55    41   111    35    92    24    19    36    66
PBC14n  2010    77    58     3    19     2    12    11     0     0   999
PBC14s  1963   422   409   349   263   316   303   312
PBC14s  1970   368   304   318   294   207   372   334   333   258   225
PBC14s  1980   196    36    25    43    98   172   153    86    75   122
PBC14s  1990   129   141    47    73   105   142    94    63   101    72
PBC14s  2000    60    73    32    38    56    23    10    25    21    35
PBC14s  2010    46    62    45    14    24     0     0     0     0   999
PBC15e  1958   423   414
PBC15e  1960   313   409   318   249   270   322   441   293   182   432
PBC15e  1970   309   285   278   373   363   270   246   404   261   259
PBC15e  1980   212    39   146   164   124   228   245   126   136   126
PBC15e  1990   109    56   137   134    86   156   188   126   138    60
PBC15e  2000   138   147   128    93   128    67    59    76    66   152
PBC15e  2010   178    77    28    52    43    88    41   101    64   999
PBC15w  1958   314   396
PBC15w  1960   342   471   362   363   275   448   433   384   284   421
PBC15w  1970   322   323   391   325   261   176   334   310   338   200
PBC15w  1980   149    33   279   276   161   229   221   133   150   111
PBC15w  1990   147    88    67    90    59   126   188   211   153   152
PBC15w  2000   226   171   107   110   128    75    80    99   166   145
PBC15w  2010   123    60    26    34    47    98    47    65    62   999
