PBC16e  1980   129    22    30   117    99   192   236   216   194   196
PBC16e  1990   212   187   305   214   240   174   271   227   112    93
PBC16e  2000    87   102    88    46    55    94   107    72    70    56
PBC16e  2010    98     9   999
PBC17s  1964   296   277   318   281    74   192
PBC17s  1970   309   246   340   303   213   246   215   139   235   340
PBC17s  1980   190    40    76   188   204   292   339   317   300   242
PBC17s  1990   230   293   323   308   276   265   223   232   174   137
PBC17s  2000   163   158    70   107   133    57    70    95   140   129
PBC17s  2010    88    80    44    81    65   202    87    58     0   999
PBC18n  1964   345   442   356   323   241   315
PBC18n  1970   375   255   338   406   308   319   259   320   190   252
PBC18n  1980   207    36   219    54    11    28    36    89    31    72
PBC18n  1990    36   154   212   125    74    71   168   280   139    61
PBC18n  2000    35    15    14    10    11    32    28    39    30    44
PBC18n  2010    22    18    33    35     0     0     0     0     0   999
PBC18s  1964   421   508   457   409   287   555
PBC18s  1970   642   578   514   417   451   431   332   378   401   271
PBC18s  1980   374    72   165    28    18    31    55   103    66    56
PBC18s  1990    30    98   143   211    86    37    45    44    29    58
PBC18s  2000    26    17    27    38    59    48   127   110    64    36
PBC18s  2010    25     8    47    18    11     0     0     0     0   999
PBC19e  1962   277   278   276   270   318   361    94   360
PBC19e  1970   371   236   271   266   103   254   208   272   148   223
PBC19e  1980   101    20   138    74   250   217   139   170   180    68
PBC19e  1990   116   188   162   238   269   139   142   175   169   132
PBC19e  2000   185    85   116   102   157    52   144   175   197   266
PBC19e  2010    69   165   103   102   207   195   109    70   184   999
PBC19w  1961   210   295   289   306   268   338   358    58   258
PBC19w  1970   346   228   295   206   136   184   170   258   102   214
PBC19w  1980   241    22   276   118   109   112   112   195   292   138
PBC19w  1990   252   245   202   198    31   210   191   344   237   184
PBC19w  2000   162    52    94   143   131    69   151   172   161    92
PBC19w  2010    91   137    86    90   122    77    92    80   122   999
PBC20n  1961   339   182   196   255   247   328   358   335   540
PBC20n  1970   526   488   421   487   262   481   306   289   264   359
PBC20n  1980   319    44   172   232   198   234   242   238   223   147
PBC20n  1990   206   170   173   268   251   223   262   276    89   168
PBC20n  2000   188    88   112    28   103    51    95    98   110   127
PBC20n  2010   137    73     0     0     0     0     0     0     0   999
PBC20s  1961   352   185   270   301   215   287   302   307   452
PBC20s  1970   529   493   529   505   346   321   306   433   426   435
PBC20s  1980   359    64   146   139   154   291   301   329   267   160
PBC20s  1990   170   225   245   236   252   135   277   311   324   243
PBC20s  2000   229   193   140   110   210   165   103   121   244   313
PBC20s  2010   294   145     0     0     0     0     0     0     0   999
PBC21n  1962   126   276   408   531   471   417    97   243
PBC21n  1970   246   341   275   303   341   476   397   391   429   404
PBC21n  1980   359    56   102   324   286   239   293   252   344   207
PBC21n  1990   411   442   420   621   505   304   298   249   265   217
PBC21n  2000   229   169   133   182   273   170   106   159   143   192
PBC21n  2010    97   117   131   184   105   199   251   356    25   999
PBC22n  1967   369   185   494
PBC22n  1970   443   573   643   500   284   402   350   289   322   334
PBC22n  1980   328    67     8   263   174   185   211   256   209   317
PBC22n  1990   146   175   107   180   216   223   149   171   374   171
PBC22n  2000   136   114    54    46   152    84    91   179   164   149
PBC22n  2010   147    65    27    96   129   122     0     0     0   999
PBC22s  1967   348   144   333
PBC22s  1970   397   369   464   294   194   292   247   294   282   233
PBC22s  1980   211    35    83   147   253   184   194   186   260   109
PBC22s  1990   163   109   143   213   235   174   101   217   196   135
PBC22s  2000   148   177   125   124   287   105   154   125   100    43
PBC22s  2010    61    37     8    52    57    61     9     0     0   999
PBC23e  1960   256   463   408   503   486   466   520   542   177   262
PBC23e  1970   254   186   205   183   157   136   109   108   217   202
PBC23e  1980   107    23    48     6    75   122   184   148   153   114
PBC23e  1990    55     6    47    68    41    61     7    50    11     3
PBC23e  2000    59    16    14    39     3    36     6   140    68    40
PBC23e  2010     6   999
PBC23w  1960   199   481   400   564   531   590   647   725   257   380
PBC23w  1970   209   307   233   206   189   298   167   107   173   176
PBC23w  1980   160    27     9    49   102   144   168   105   187    28
PBC23w  1990     5    72   136    92    78    74   110   173    78   179
PBC23w  2000    23    73    94   100    12     4     5    30    47    86
PBC23w  2010     9    10     7   999
PBC24e  1959   150
PBC24e  1960   388   390   363   371   362   460   418   486   344   388
PBC24e  1970   396   524   444   505   342   448   410   479   368   389
PBC24e  1980   364    90   272   403   361   288   289   253   290   248
PBC24e  1990   260   229   329   213   301   160   219   325   352   306
PBC24e  2000   277   282   321   285   326   196   152   198   294   140
PBC24e  2010   321    95   148    78    51    95    85   123    84   999
PBC24w  1959   187
PBC24w  1960   388   344   270   337   385   425   447   436   261   332
PBC24w  1970   317   333   286   356   328   441   243   277   242   288
PBC24w  1980   224    42   239   321   220   134   256   210   190   114
PBC24w  1990   160   150   114   166   175   161    78   115   190   153
PBC24w  2000    54    97    73    82    47    27    25    44    63    13
PBC24w  2010    60    31     0     0     0     0     0     0     0   999
PBC25n  1965   317   291   225   174   161
PBC25n  1970   115   290   381   215   216   259   217   262   226   174
PBC25n  1980   220    51    50    77    77   137   138   181   248   197
PBC25n  1990   231   311   356   244   234   307   155   200    68   110
PBC25n  2000    40    73    99   113    84    35    40    43    32    16
PBC25n  2010    12    22    21     0     0     0     0     0     0   999
PBC25s  1966   404   416   281   509
PBC25s  1970   246   264   287   267   163   204   193   232   198   253
PBC25s  1980   172    73    50    57   114   192   228   199   319   213
PBC25s  1990   216   210   279   196   127   128   138   123   108    68
PBC25s  2000   101    68    77    77    71    62    72   141    79    40
PBC25s  2010    31    42    43    29     8    13     0     0     0   999
PBC26n  1961   632   660   744   740   892   403   206   254   464
PBC26n  1970   673   358   346   302   169    35   310   390   288   440
PBC26n  1980   489   108   132   199   124    81    67    64    48    56
PBC26n  1990   129    77   123    85    61    50    44    45    46    50
PBC26n  2000    55    73    66    48    33    36    42    68    85   112
PBC26n  2010   116    68    62   102   104   110    56    58    20   999
PBC26s  1961   394   652   439   304   258   240   346   382   175
PBC26s  1970   102   274   166   164   144    24   171   194   138   158
PBC26s  1980   226    49    80   117   157    61   110   112    99    82
PBC26s  1990   114    44    20    31    23    58    32    33    91    66
PBC26s  2000    90   127    59    99    73    30    20    34    33    46
PBC26s  2010    41    58    73    47    54    19    12    11    16   999
PBC27n  1962   215   339   444   553   572   468   166   372
PBC27n  1970   437   576   647   552   386   348   288   294   301   211
PBC27n  1980   196    56   143   122    98   228   187   127   201   131
PBC27n  1990   189   230   212   136    97   140   121   201    77   131
PBC27n  2000   120   138   147   142   187    62    72   121   114   125
PBC27n  2010   217   111    93    91   101   173   146   110   172   999
PBC27s  1963   321   425   462   402   312   158   295
PBC27s  1970   436   455   405   420   217   212   232   274   220   159
PBC27s  1980   172    58    90   108    77   153    99   162   226   134
PBC27s  1990    93   150   165    94   104   119   106    86   136   122
PBC27s  2000   134   167   113   122   169    68    84   138   131   176
PBC27s  2010   194    65    68    74    70   151   144    96    74   999
PBC28s  1965   353   316   280   408   388
PBC28s  1970   368   351   159   284   325   328   259   279   257   245
PBC28s  1980   278    46   140   169   196   193   120   119   182   138
PBC28s  1990   163   198   130   136   135   164   164    15   291   257
PBC28s  2000   291   328   261   204   166   176    62   104   170   168
PBC28s  2010   152   206    64    16    50   160   497   471   260    85
PBC28s  2020   999
PBC28n  1965   466   446   425   404   468
PBC28n  1970   432   470   427   515   535   393   320   354   339   310
PBC28n  1980   354    90   157   215   299   268   226   211   260   111
PBC28n  1990   187   161   284   332   213   283   206   108   157   250
PBC28n  2000    96   125   168   102   152   221   212   231   197   104
PBC28n  2010    70    78   309   418   118   108    87    13   999
PBC29n  1960   228   248   339     0   294   255   275   311    30    25
PBC29n  1970    71    40   125    35    22    56   110   225   120   128
PBC29n  1980    75    14    66    61    63   106    89   119    82    82
PBC29n  1990   105   130   122   114    98   104   140   147   118   107
PBC29n  2000   136    96    85    87    82    84   131    83   102    97
PBC29n  2010   123    86    88    72   109    89    68    52     0   999
PBC29s  1960   204   435   127    48   214   528   500   508    54    43
PBC29s  1970   129    76   191    72    41   111   149   193    82   111
PBC29s  1980    72    26    57    44   110    97   121   130    70   109
PBC29s  1990    80   127   144   134   164    98   136   172   125   168
PBC29s  2000   132   108    76   138    78    75    68    89   150   135
PBC29s  2010   112    86    72    84   221   128   103   118     0   999
PBC30w  1967   224   131   224
PBC30w  1970   320   118   125   147   150   164   167   141   154    83
PBC30w  1980    93    11   110    86   149   175   243   237   170   124
PBC30w  1990   151   139   238   291   356   265   213   196   189   170
PBC30w  2000   200   215   174   173   213    83   131   226   221   187
PBC30w  2010   264   152   107    69    49    56    76    84    63   999
PBC30e  1967   967   399   214
PBC30e  1970   309   261   162   116   124   244   203   280   152   132
PBC30e  1980    84    18    42    75    79   135   186   217   184   147
PBC30e  1990   231   220   221   241   282   244   218   243   209   220
PBC30e  2000   118   106   141   101   162    99   217   229    71    73
PBC30e  2010   215   137    32    72    36    38    43    46    42   999
